9737880195
9426048489
8141440242
9274245367
6353375399
9054476276
9925353855
6355481656
8156025236
9727007900
8140156820
9723996323
7600246610
7990952139
9979188614
7046145000
8799079772
8401569233
9824991009
9510422648
9173637752
9825604075
6354300436
7490942582
6354360559
9510324370
9099658988
9824241888
7572896584
9327448523
9265870148
8347253800
9664694295
9601014822
9925700546
9426361353
9913423423
9510094922
9824047997
9313311373
7861955933
9638920965
7990366060
7863051622
9510881873
9725527063
6355193895
9904957419
9979884404
9664556766
9106835244
9574852335
7048824176
9913097775
7383269232
7600942005
9879165097
9723460516
9104232582
9558788776
6351055042
9726357775
9054715303
8866252643
9978539482
8141121688
7862064491
7096112666